-2.6644
-9.9812
0
0
-4.7067
-0.0094
-2.5325
-0.0076
7.0006
3.6830
0
1.0335
4.5539
2.8239
-0.0193
0.0339
-8.3057
16.2447
0.0133
1.3789
0
0.0003
0
13.5927
-0.2812
-8.2996
-9.7851
0.0021
0
-11.2229
-8.0503
-0.0086
-1.1063
12.1584
-10.3594
0
-5.4089
-0.0019
-4.8426
-13.7013
-0.0584
10.1696
-0.0923
5.0750
1.1321
-7.8162
0.3393
-0.7211
0.0013
0.1151
1.0513
0
0.1002
0
0.8171
12.0542
6.1937
0.0290
4.5231
7.6017
-0.0161
0.0070
0.0171
0.0089
-0.0283
-5.3060
0.0056
-12.0824
-6.2551
0.4512
-7.2932
3.3286
15.1748
-0.0046
0.0408
-17.4835
-1.7844
-0.0013
4.4816
-2.6283
14.2493
-0.3047
0
6.4593
-5.4523
-0.0325
0.0065
6.9151
-14.0241
0.0512
0.0714
10.0635
9.0806
-16.7419
16.3663
-7.1024
7.9208
-0.0010
0.0291
-0.0172
2.7057
0.5028
0.0224
4.1497
14.0578
0.0103
0.6331
0.0958
-2.4172
0.0270
1.8867
-2.5233
-2.4020
-11.6248
-5.2085
0.0007
-0.6696